{
 "cells": [
  {
   "cell_type": "code",
   "execution_count": 27,
   "metadata": {},
   "outputs": [],
   "source": [
    "import numpy as np # linear algebra\n",
    "import pandas as pd # data processing, CSV file I/O (e.g. pd.read_csv)\n",
    "import matplotlib.pyplot as plt\n",
    "import seaborn as sns  # visualization tool\n",
    "from sklearn.model_selection import train_test_split\n",
    "from sklearn.linear_model import LinearRegression\n",
    "from sklearn.metrics import mean_squared_error\n",
    "from sklearn.preprocessing import StandardScaler\n",
    "from sklearn.decomposition import PCA\n"
   ]
  },
  {
   "cell_type": "code",
   "execution_count": 28,
   "metadata": {},
   "outputs": [],
   "source": [
    "df_train = pd.read_csv(r\"./train.csv\")\n",
    "df_no_na = df_train.dropna()\n",
    "df = df_no_na[df_no_na['Expected'] <= 10000]\n",
    "# List of column names to be deleted\n",
    "columns_to_delete = ['Id', 'Ref_5x5_10th', 'Ref_5x5_50th', 'Ref_5x5_90th', 'RefComposite', 'RefComposite_5x5_10th', 'RefComposite_5x5_50th', 'RefComposite_5x5_90th', 'RhoHV_5x5_90th']\n",
    "\n",
    "# Delete the columns from the dataframe\n",
    "df = df.drop(columns=columns_to_delete)"
   ]
  },
  {
   "cell_type": "code",
   "execution_count": null,
   "metadata": {},
   "outputs": [],
   "source": []
  },
  {
   "cell_type": "code",
   "execution_count": 29,
   "metadata": {},
   "outputs": [
    {
     "name": "stdout",
     "output_type": "stream",
     "text": [
      "Training MSE: 16320.418944172518\n",
      "Test MSE: 16573.899792184835\n",
      "Training MAE: 17.474237674520538\n",
      "Test MAE: 17.45864279353661\n",
      "Training R^2 Score: 0.0007321173322103469\n",
      "Test R^2 Score: 0.0008678731262042882\n"
     ]
    }
   ],
   "source": [
    "from sklearn.model_selection import train_test_split\n",
    "from sklearn.linear_model import LinearRegression\n",
    "from sklearn.metrics import mean_squared_error, mean_absolute_error, r2_score\n",
    "\n",
    "# 目的変数を設定します。\n",
    "y = df['Expected']\n",
    "X = df.drop('Expected', axis=1)\n",
    "\n",
    "# 主成分分析の結果を使用して訓練データとテストデータを分割します。\n",
    "X_train, X_test, y_train, y_test = train_test_split(X, y, test_size=0.2, random_state=42)\n",
    "\n",
    "# モデルのインスタンスを作成し、訓練データにフィットさせます。\n",
    "model = LinearRegression()\n",
    "model.fit(X_train, y_train)\n",
    "\n",
    "# 訓練データとテストデータに対する予測を行います。\n",
    "train_predictions = model.predict(X_train)\n",
    "test_predictions = model.predict(X_test)\n",
    "\n",
    "# MSEを計算します。\n",
    "train_mse = mean_squared_error(y_train, train_predictions)\n",
    "test_mse = mean_squared_error(y_test, test_predictions)\n",
    "\n",
    "# MAEを計算します。\n",
    "train_mae = mean_absolute_error(y_train, train_predictions)\n",
    "test_mae = mean_absolute_error(y_test, test_predictions)\n",
    "\n",
    "# R^2 scoreを計算します。\n",
    "train_r2 = r2_score(y_train, train_predictions)\n",
    "test_r2 = r2_score(y_test, test_predictions)\n",
    "\n",
    "# 結果を表示します。\n",
    "print(f'Training MSE: {train_mse}')\n",
    "print(f'Test MSE: {test_mse}')\n",
    "print(f'Training MAE: {train_mae}')\n",
    "print(f'Test MAE: {test_mae}')\n",
    "print(f'Training R^2 Score: {train_r2}')\n",
    "print(f'Test R^2 Score: {test_r2}')"
   ]
  },
  {
   "cell_type": "code",
   "execution_count": 30,
   "metadata": {},
   "outputs": [
    {
     "data": {
      "text/plain": [
       "(2215248, 15)"
      ]
     },
     "execution_count": 30,
     "metadata": {},
     "output_type": "execute_result"
    }
   ],
   "source": [
    "X_train.shape"
   ]
  },
  {
   "cell_type": "code",
   "execution_count": 31,
   "metadata": {},
   "outputs": [],
   "source": [
    "from sklearn.feature_selection import RFE\n",
    "\n",
    "# RFEのインスタンスを作成\n",
    "selector = RFE(model, n_features_to_select=16, step=1)\n",
    "\n",
    "# 特徴量の重要度を学習\n",
    "selector = selector.fit(X_train, y_train)\n"
   ]
  },
  {
   "cell_type": "code",
   "execution_count": 32,
   "metadata": {},
   "outputs": [
    {
     "name": "stdout",
     "output_type": "stream",
     "text": [
      "Training MSE with selected features: 16320.418944172518\n",
      "Test MSE with selected features: 16573.899792184835\n",
      "Training MAE with selected features: 17.474237674520538\n",
      "Test MAE with selected features: 17.45864279353661\n",
      "Training R^2 Score with selected features: 0.0007321173322103469\n",
      "Test R^2 Score with selected features: 0.0008678731262042882\n"
     ]
    }
   ],
   "source": [
    "# RFEによって選ばれた特徴量を使って新しいデータセットを作成\n",
    "X_train_selected = selector.transform(X_train)\n",
    "X_test_selected = selector.transform(X_test)\n",
    "\n",
    "# モデルを再度訓練\n",
    "model.fit(X_train_selected, y_train)\n",
    "\n",
    "# 新しい特徴量セットで予測\n",
    "train_predictions_selected = model.predict(X_train_selected)\n",
    "test_predictions_selected = model.predict(X_test_selected)\n",
    "\n",
    "# 新しい特徴量セットでの評価指標を計算\n",
    "train_mse_selected = mean_squared_error(y_train, train_predictions_selected)\n",
    "test_mse_selected = mean_squared_error(y_test, test_predictions_selected)\n",
    "train_mae_selected = mean_absolute_error(y_train, train_predictions_selected)\n",
    "test_mae_selected = mean_absolute_error(y_test, test_predictions_selected)\n",
    "train_r2_selected = r2_score(y_train, train_predictions_selected)\n",
    "test_r2_selected = r2_score(y_test, test_predictions_selected)\n",
    "\n",
    "# 新しい評価指標を表示\n",
    "print(f'Training MSE with selected features: {train_mse_selected}')\n",
    "print(f'Test MSE with selected features: {test_mse_selected}')\n",
    "print(f'Training MAE with selected features: {train_mae_selected}')\n",
    "print(f'Test MAE with selected features: {test_mae_selected}')\n",
    "print(f'Training R^2 Score with selected features: {train_r2_selected}')\n",
    "print(f'Test R^2 Score with selected features: {test_r2_selected}')"
   ]
  },
  {
   "cell_type": "code",
   "execution_count": 33,
   "metadata": {},
   "outputs": [
    {
     "name": "stdout",
     "output_type": "stream",
     "text": [
      "Feature: minutes_past, Coefficient: 0.01782140264236856\n",
      "Feature: radardist_km, Coefficient: 0.905407730881849\n",
      "Feature: Ref, Coefficient: 0.07414852990432486\n",
      "Feature: RhoHV, Coefficient: -2.917024214380893\n",
      "Feature: RhoHV_5x5_10th, Coefficient: 7.162336339981556\n",
      "Feature: RhoHV_5x5_50th, Coefficient: -54.86137040822909\n",
      "Feature: RhoHV_5x5_90th, Coefficient: 53.732816432130576\n",
      "Feature: Zdr, Coefficient: 0.041378139064590286\n",
      "Feature: Zdr_5x5_10th, Coefficient: 0.1264684584189271\n",
      "Feature: Zdr_5x5_50th, Coefficient: 1.0127626445427804\n",
      "Feature: Zdr_5x5_90th, Coefficient: -0.003358432496123699\n",
      "Feature: Kdp, Coefficient: -0.018598673903610856\n",
      "Feature: Kdp_5x5_10th, Coefficient: 0.13158327030543776\n",
      "Feature: Kdp_5x5_50th, Coefficient: -0.04616333113146155\n",
      "Feature: Kdp_5x5_90th, Coefficient: -0.09896850184761433\n"
     ]
    }
   ],
   "source": [
    "selected_features = X.columns[selector.support_]\n",
    "\n",
    "# モデルの係数を取得\n",
    "coefficients = model.coef_\n",
    "\n",
    "# 選択された特徴量とそれに対応する係数を表示\n",
    "for feature, coef in zip(selected_features, coefficients):\n",
    "    print(f'Feature: {feature}, Coefficient: {coef}')"
   ]
  },
  {
   "cell_type": "code",
   "execution_count": 34,
   "metadata": {},
   "outputs": [
    {
     "data": {
      "text/html": [
       "<div>\n",
       "<style scoped>\n",
       "    .dataframe tbody tr th:only-of-type {\n",
       "        vertical-align: middle;\n",
       "    }\n",
       "\n",
       "    .dataframe tbody tr th {\n",
       "        vertical-align: top;\n",
       "    }\n",
       "\n",
       "    .dataframe thead th {\n",
       "        text-align: right;\n",
       "    }\n",
       "</style>\n",
       "<table border=\"1\" class=\"dataframe\">\n",
       "  <thead>\n",
       "    <tr style=\"text-align: right;\">\n",
       "      <th></th>\n",
       "      <th>minutes_past</th>\n",
       "      <th>radardist_km</th>\n",
       "      <th>Ref</th>\n",
       "      <th>RhoHV</th>\n",
       "      <th>RhoHV_5x5_10th</th>\n",
       "      <th>RhoHV_5x5_50th</th>\n",
       "      <th>RhoHV_5x5_90th</th>\n",
       "      <th>Zdr</th>\n",
       "      <th>Zdr_5x5_10th</th>\n",
       "      <th>Zdr_5x5_50th</th>\n",
       "      <th>Zdr_5x5_90th</th>\n",
       "      <th>Kdp</th>\n",
       "      <th>Kdp_5x5_10th</th>\n",
       "      <th>Kdp_5x5_50th</th>\n",
       "      <th>Kdp_5x5_90th</th>\n",
       "      <th>Expected</th>\n",
       "    </tr>\n",
       "  </thead>\n",
       "  <tbody>\n",
       "    <tr>\n",
       "      <th>minutes_past</th>\n",
       "      <td>1.000000</td>\n",
       "      <td>-0.003004</td>\n",
       "      <td>0.006341</td>\n",
       "      <td>-0.002244</td>\n",
       "      <td>-0.001666</td>\n",
       "      <td>-0.003773</td>\n",
       "      <td>-0.004466</td>\n",
       "      <td>0.001558</td>\n",
       "      <td>0.000498</td>\n",
       "      <td>0.003021</td>\n",
       "      <td>0.003234</td>\n",
       "      <td>-0.001472</td>\n",
       "      <td>-0.000809</td>\n",
       "      <td>0.000447</td>\n",
       "      <td>0.001199</td>\n",
       "      <td>0.002657</td>\n",
       "    </tr>\n",
       "    <tr>\n",
       "      <th>radardist_km</th>\n",
       "      <td>-0.003004</td>\n",
       "      <td>1.000000</td>\n",
       "      <td>-0.010118</td>\n",
       "      <td>0.078661</td>\n",
       "      <td>0.032685</td>\n",
       "      <td>0.117436</td>\n",
       "      <td>0.425581</td>\n",
       "      <td>-0.174553</td>\n",
       "      <td>-0.411562</td>\n",
       "      <td>-0.356342</td>\n",
       "      <td>-0.006422</td>\n",
       "      <td>-0.002495</td>\n",
       "      <td>-0.227340</td>\n",
       "      <td>-0.010566</td>\n",
       "      <td>0.231098</td>\n",
       "      <td>0.026009</td>\n",
       "    </tr>\n",
       "    <tr>\n",
       "      <th>Ref</th>\n",
       "      <td>0.006341</td>\n",
       "      <td>-0.010118</td>\n",
       "      <td>1.000000</td>\n",
       "      <td>-0.076982</td>\n",
       "      <td>-0.055419</td>\n",
       "      <td>-0.166122</td>\n",
       "      <td>-0.209999</td>\n",
       "      <td>0.088927</td>\n",
       "      <td>0.116609</td>\n",
       "      <td>0.170736</td>\n",
       "      <td>0.106174</td>\n",
       "      <td>0.006773</td>\n",
       "      <td>0.011111</td>\n",
       "      <td>0.017545</td>\n",
       "      <td>0.019825</td>\n",
       "      <td>0.004815</td>\n",
       "    </tr>\n",
       "    <tr>\n",
       "      <th>RhoHV</th>\n",
       "      <td>-0.002244</td>\n",
       "      <td>0.078661</td>\n",
       "      <td>-0.076982</td>\n",
       "      <td>1.000000</td>\n",
       "      <td>0.517925</td>\n",
       "      <td>0.545843</td>\n",
       "      <td>0.330661</td>\n",
       "      <td>-0.048613</td>\n",
       "      <td>0.134373</td>\n",
       "      <td>-0.125606</td>\n",
       "      <td>-0.278093</td>\n",
       "      <td>-0.003305</td>\n",
       "      <td>0.195792</td>\n",
       "      <td>-0.004197</td>\n",
       "      <td>-0.239056</td>\n",
       "      <td>0.000804</td>\n",
       "    </tr>\n",
       "    <tr>\n",
       "      <th>RhoHV_5x5_10th</th>\n",
       "      <td>-0.001666</td>\n",
       "      <td>0.032685</td>\n",
       "      <td>-0.055419</td>\n",
       "      <td>0.517925</td>\n",
       "      <td>1.000000</td>\n",
       "      <td>0.677920</td>\n",
       "      <td>0.247093</td>\n",
       "      <td>-0.059533</td>\n",
       "      <td>0.386276</td>\n",
       "      <td>-0.130338</td>\n",
       "      <td>-0.503752</td>\n",
       "      <td>0.002348</td>\n",
       "      <td>0.453323</td>\n",
       "      <td>0.014513</td>\n",
       "      <td>-0.484278</td>\n",
       "      <td>0.001579</td>\n",
       "    </tr>\n",
       "    <tr>\n",
       "      <th>RhoHV_5x5_50th</th>\n",
       "      <td>-0.003773</td>\n",
       "      <td>0.117436</td>\n",
       "      <td>-0.166122</td>\n",
       "      <td>0.545843</td>\n",
       "      <td>0.677920</td>\n",
       "      <td>1.000000</td>\n",
       "      <td>0.649869</td>\n",
       "      <td>-0.110738</td>\n",
       "      <td>0.114063</td>\n",
       "      <td>-0.221763</td>\n",
       "      <td>-0.391700</td>\n",
       "      <td>-0.004232</td>\n",
       "      <td>0.241462</td>\n",
       "      <td>-0.013945</td>\n",
       "      <td>-0.316323</td>\n",
       "      <td>0.001535</td>\n",
       "    </tr>\n",
       "    <tr>\n",
       "      <th>RhoHV_5x5_90th</th>\n",
       "      <td>-0.004466</td>\n",
       "      <td>0.425581</td>\n",
       "      <td>-0.209999</td>\n",
       "      <td>0.330661</td>\n",
       "      <td>0.247093</td>\n",
       "      <td>0.649869</td>\n",
       "      <td>1.000000</td>\n",
       "      <td>-0.142003</td>\n",
       "      <td>-0.291233</td>\n",
       "      <td>-0.281736</td>\n",
       "      <td>-0.065192</td>\n",
       "      <td>-0.007038</td>\n",
       "      <td>-0.162593</td>\n",
       "      <td>-0.036899</td>\n",
       "      <td>0.083574</td>\n",
       "      <td>0.011728</td>\n",
       "    </tr>\n",
       "    <tr>\n",
       "      <th>Zdr</th>\n",
       "      <td>0.001558</td>\n",
       "      <td>-0.174553</td>\n",
       "      <td>0.088927</td>\n",
       "      <td>-0.048613</td>\n",
       "      <td>-0.059533</td>\n",
       "      <td>-0.110738</td>\n",
       "      <td>-0.142003</td>\n",
       "      <td>1.000000</td>\n",
       "      <td>0.349669</td>\n",
       "      <td>0.512133</td>\n",
       "      <td>0.349557</td>\n",
       "      <td>0.007576</td>\n",
       "      <td>-0.011379</td>\n",
       "      <td>0.015531</td>\n",
       "      <td>0.029501</td>\n",
       "      <td>-0.001972</td>\n",
       "    </tr>\n",
       "    <tr>\n",
       "      <th>Zdr_5x5_10th</th>\n",
       "      <td>0.000498</td>\n",
       "      <td>-0.411562</td>\n",
       "      <td>0.116609</td>\n",
       "      <td>0.134373</td>\n",
       "      <td>0.386276</td>\n",
       "      <td>0.114063</td>\n",
       "      <td>-0.291233</td>\n",
       "      <td>0.349669</td>\n",
       "      <td>1.000000</td>\n",
       "      <td>0.604495</td>\n",
       "      <td>-0.004872</td>\n",
       "      <td>0.009556</td>\n",
       "      <td>0.424009</td>\n",
       "      <td>0.038965</td>\n",
       "      <td>-0.406572</td>\n",
       "      <td>-0.007458</td>\n",
       "    </tr>\n",
       "    <tr>\n",
       "      <th>Zdr_5x5_50th</th>\n",
       "      <td>0.003021</td>\n",
       "      <td>-0.356342</td>\n",
       "      <td>0.170736</td>\n",
       "      <td>-0.125606</td>\n",
       "      <td>-0.130338</td>\n",
       "      <td>-0.221763</td>\n",
       "      <td>-0.281736</td>\n",
       "      <td>0.512133</td>\n",
       "      <td>0.604495</td>\n",
       "      <td>1.000000</td>\n",
       "      <td>0.599295</td>\n",
       "      <td>0.012165</td>\n",
       "      <td>-0.008630</td>\n",
       "      <td>0.029915</td>\n",
       "      <td>0.045799</td>\n",
       "      <td>-0.004695</td>\n",
       "    </tr>\n",
       "    <tr>\n",
       "      <th>Zdr_5x5_90th</th>\n",
       "      <td>0.003234</td>\n",
       "      <td>-0.006422</td>\n",
       "      <td>0.106174</td>\n",
       "      <td>-0.278093</td>\n",
       "      <td>-0.503752</td>\n",
       "      <td>-0.391700</td>\n",
       "      <td>-0.065192</td>\n",
       "      <td>0.349557</td>\n",
       "      <td>-0.004872</td>\n",
       "      <td>0.599295</td>\n",
       "      <td>1.000000</td>\n",
       "      <td>0.005639</td>\n",
       "      <td>-0.438189</td>\n",
       "      <td>0.001887</td>\n",
       "      <td>0.476425</td>\n",
       "      <td>0.002636</td>\n",
       "    </tr>\n",
       "    <tr>\n",
       "      <th>Kdp</th>\n",
       "      <td>-0.001472</td>\n",
       "      <td>-0.002495</td>\n",
       "      <td>0.006773</td>\n",
       "      <td>-0.003305</td>\n",
       "      <td>0.002348</td>\n",
       "      <td>-0.004232</td>\n",
       "      <td>-0.007038</td>\n",
       "      <td>0.007576</td>\n",
       "      <td>0.009556</td>\n",
       "      <td>0.012165</td>\n",
       "      <td>0.005639</td>\n",
       "      <td>1.000000</td>\n",
       "      <td>0.123321</td>\n",
       "      <td>0.259816</td>\n",
       "      <td>0.106392</td>\n",
       "      <td>-0.000598</td>\n",
       "    </tr>\n",
       "    <tr>\n",
       "      <th>Kdp_5x5_10th</th>\n",
       "      <td>-0.000809</td>\n",
       "      <td>-0.227340</td>\n",
       "      <td>0.011111</td>\n",
       "      <td>0.195792</td>\n",
       "      <td>0.453323</td>\n",
       "      <td>0.241462</td>\n",
       "      <td>-0.162593</td>\n",
       "      <td>-0.011379</td>\n",
       "      <td>0.424009</td>\n",
       "      <td>-0.008630</td>\n",
       "      <td>-0.438189</td>\n",
       "      <td>0.123321</td>\n",
       "      <td>1.000000</td>\n",
       "      <td>0.241835</td>\n",
       "      <td>-0.464882</td>\n",
       "      <td>-0.004333</td>\n",
       "    </tr>\n",
       "    <tr>\n",
       "      <th>Kdp_5x5_50th</th>\n",
       "      <td>0.000447</td>\n",
       "      <td>-0.010566</td>\n",
       "      <td>0.017545</td>\n",
       "      <td>-0.004197</td>\n",
       "      <td>0.014513</td>\n",
       "      <td>-0.013945</td>\n",
       "      <td>-0.036899</td>\n",
       "      <td>0.015531</td>\n",
       "      <td>0.038965</td>\n",
       "      <td>0.029915</td>\n",
       "      <td>0.001887</td>\n",
       "      <td>0.259816</td>\n",
       "      <td>0.241835</td>\n",
       "      <td>1.000000</td>\n",
       "      <td>0.152123</td>\n",
       "      <td>-0.000264</td>\n",
       "    </tr>\n",
       "    <tr>\n",
       "      <th>Kdp_5x5_90th</th>\n",
       "      <td>0.001199</td>\n",
       "      <td>0.231098</td>\n",
       "      <td>0.019825</td>\n",
       "      <td>-0.239056</td>\n",
       "      <td>-0.484278</td>\n",
       "      <td>-0.316323</td>\n",
       "      <td>0.083574</td>\n",
       "      <td>0.029501</td>\n",
       "      <td>-0.406572</td>\n",
       "      <td>0.045799</td>\n",
       "      <td>0.476425</td>\n",
       "      <td>0.106392</td>\n",
       "      <td>-0.464882</td>\n",
       "      <td>0.152123</td>\n",
       "      <td>1.000000</td>\n",
       "      <td>0.004567</td>\n",
       "    </tr>\n",
       "    <tr>\n",
       "      <th>Expected</th>\n",
       "      <td>0.002657</td>\n",
       "      <td>0.026009</td>\n",
       "      <td>0.004815</td>\n",
       "      <td>0.000804</td>\n",
       "      <td>0.001579</td>\n",
       "      <td>0.001535</td>\n",
       "      <td>0.011728</td>\n",
       "      <td>-0.001972</td>\n",
       "      <td>-0.007458</td>\n",
       "      <td>-0.004695</td>\n",
       "      <td>0.002636</td>\n",
       "      <td>-0.000598</td>\n",
       "      <td>-0.004333</td>\n",
       "      <td>-0.000264</td>\n",
       "      <td>0.004567</td>\n",
       "      <td>1.000000</td>\n",
       "    </tr>\n",
       "  </tbody>\n",
       "</table>\n",
       "</div>"
      ],
      "text/plain": [
       "                minutes_past  radardist_km       Ref     RhoHV  \\\n",
       "minutes_past        1.000000     -0.003004  0.006341 -0.002244   \n",
       "radardist_km       -0.003004      1.000000 -0.010118  0.078661   \n",
       "Ref                 0.006341     -0.010118  1.000000 -0.076982   \n",
       "RhoHV              -0.002244      0.078661 -0.076982  1.000000   \n",
       "RhoHV_5x5_10th     -0.001666      0.032685 -0.055419  0.517925   \n",
       "RhoHV_5x5_50th     -0.003773      0.117436 -0.166122  0.545843   \n",
       "RhoHV_5x5_90th     -0.004466      0.425581 -0.209999  0.330661   \n",
       "Zdr                 0.001558     -0.174553  0.088927 -0.048613   \n",
       "Zdr_5x5_10th        0.000498     -0.411562  0.116609  0.134373   \n",
       "Zdr_5x5_50th        0.003021     -0.356342  0.170736 -0.125606   \n",
       "Zdr_5x5_90th        0.003234     -0.006422  0.106174 -0.278093   \n",
       "Kdp                -0.001472     -0.002495  0.006773 -0.003305   \n",
       "Kdp_5x5_10th       -0.000809     -0.227340  0.011111  0.195792   \n",
       "Kdp_5x5_50th        0.000447     -0.010566  0.017545 -0.004197   \n",
       "Kdp_5x5_90th        0.001199      0.231098  0.019825 -0.239056   \n",
       "Expected            0.002657      0.026009  0.004815  0.000804   \n",
       "\n",
       "                RhoHV_5x5_10th  RhoHV_5x5_50th  RhoHV_5x5_90th       Zdr  \\\n",
       "minutes_past         -0.001666       -0.003773       -0.004466  0.001558   \n",
       "radardist_km          0.032685        0.117436        0.425581 -0.174553   \n",
       "Ref                  -0.055419       -0.166122       -0.209999  0.088927   \n",
       "RhoHV                 0.517925        0.545843        0.330661 -0.048613   \n",
       "RhoHV_5x5_10th        1.000000        0.677920        0.247093 -0.059533   \n",
       "RhoHV_5x5_50th        0.677920        1.000000        0.649869 -0.110738   \n",
       "RhoHV_5x5_90th        0.247093        0.649869        1.000000 -0.142003   \n",
       "Zdr                  -0.059533       -0.110738       -0.142003  1.000000   \n",
       "Zdr_5x5_10th          0.386276        0.114063       -0.291233  0.349669   \n",
       "Zdr_5x5_50th         -0.130338       -0.221763       -0.281736  0.512133   \n",
       "Zdr_5x5_90th         -0.503752       -0.391700       -0.065192  0.349557   \n",
       "Kdp                   0.002348       -0.004232       -0.007038  0.007576   \n",
       "Kdp_5x5_10th          0.453323        0.241462       -0.162593 -0.011379   \n",
       "Kdp_5x5_50th          0.014513       -0.013945       -0.036899  0.015531   \n",
       "Kdp_5x5_90th         -0.484278       -0.316323        0.083574  0.029501   \n",
       "Expected              0.001579        0.001535        0.011728 -0.001972   \n",
       "\n",
       "                Zdr_5x5_10th  Zdr_5x5_50th  Zdr_5x5_90th       Kdp  \\\n",
       "minutes_past        0.000498      0.003021      0.003234 -0.001472   \n",
       "radardist_km       -0.411562     -0.356342     -0.006422 -0.002495   \n",
       "Ref                 0.116609      0.170736      0.106174  0.006773   \n",
       "RhoHV               0.134373     -0.125606     -0.278093 -0.003305   \n",
       "RhoHV_5x5_10th      0.386276     -0.130338     -0.503752  0.002348   \n",
       "RhoHV_5x5_50th      0.114063     -0.221763     -0.391700 -0.004232   \n",
       "RhoHV_5x5_90th     -0.291233     -0.281736     -0.065192 -0.007038   \n",
       "Zdr                 0.349669      0.512133      0.349557  0.007576   \n",
       "Zdr_5x5_10th        1.000000      0.604495     -0.004872  0.009556   \n",
       "Zdr_5x5_50th        0.604495      1.000000      0.599295  0.012165   \n",
       "Zdr_5x5_90th       -0.004872      0.599295      1.000000  0.005639   \n",
       "Kdp                 0.009556      0.012165      0.005639  1.000000   \n",
       "Kdp_5x5_10th        0.424009     -0.008630     -0.438189  0.123321   \n",
       "Kdp_5x5_50th        0.038965      0.029915      0.001887  0.259816   \n",
       "Kdp_5x5_90th       -0.406572      0.045799      0.476425  0.106392   \n",
       "Expected           -0.007458     -0.004695      0.002636 -0.000598   \n",
       "\n",
       "                Kdp_5x5_10th  Kdp_5x5_50th  Kdp_5x5_90th  Expected  \n",
       "minutes_past       -0.000809      0.000447      0.001199  0.002657  \n",
       "radardist_km       -0.227340     -0.010566      0.231098  0.026009  \n",
       "Ref                 0.011111      0.017545      0.019825  0.004815  \n",
       "RhoHV               0.195792     -0.004197     -0.239056  0.000804  \n",
       "RhoHV_5x5_10th      0.453323      0.014513     -0.484278  0.001579  \n",
       "RhoHV_5x5_50th      0.241462     -0.013945     -0.316323  0.001535  \n",
       "RhoHV_5x5_90th     -0.162593     -0.036899      0.083574  0.011728  \n",
       "Zdr                -0.011379      0.015531      0.029501 -0.001972  \n",
       "Zdr_5x5_10th        0.424009      0.038965     -0.406572 -0.007458  \n",
       "Zdr_5x5_50th       -0.008630      0.029915      0.045799 -0.004695  \n",
       "Zdr_5x5_90th       -0.438189      0.001887      0.476425  0.002636  \n",
       "Kdp                 0.123321      0.259816      0.106392 -0.000598  \n",
       "Kdp_5x5_10th        1.000000      0.241835     -0.464882 -0.004333  \n",
       "Kdp_5x5_50th        0.241835      1.000000      0.152123 -0.000264  \n",
       "Kdp_5x5_90th       -0.464882      0.152123      1.000000  0.004567  \n",
       "Expected           -0.004333     -0.000264      0.004567  1.000000  "
      ]
     },
     "execution_count": 34,
     "metadata": {},
     "output_type": "execute_result"
    }
   ],
   "source": [
    "df.corr()"
   ]
  },
  {
   "cell_type": "code",
   "execution_count": null,
   "metadata": {},
   "outputs": [],
   "source": []
  },
  {
   "cell_type": "code",
   "execution_count": null,
   "metadata": {},
   "outputs": [],
   "source": []
  },
  {
   "cell_type": "code",
   "execution_count": null,
   "metadata": {},
   "outputs": [],
   "source": []
  }
 ],
 "metadata": {
  "kernelspec": {
   "display_name": "base",
   "language": "python",
   "name": "python3"
  },
  "language_info": {
   "codemirror_mode": {
    "name": "ipython",
    "version": 3
   },
   "file_extension": ".py",
   "mimetype": "text/x-python",
   "name": "python",
   "nbconvert_exporter": "python",
   "pygments_lexer": "ipython3",
   "version": "3.11.3"
  },
  "orig_nbformat": 4
 },
 "nbformat": 4,
 "nbformat_minor": 2
}
